"","AZIN2_rna","SMG5_rna","HP1BP3_rna","ZBTB40_rna","NUP210L_rna","GPATCH3_rna","SNORA73B_rna","RAB42_rna","RNU11_rna","TSSK3_rna","SLFNL1_rna","FAAH_rna","DIO1_rna","SLC25A24_rna","HIPK1_rna","BNIPL_rna","S100A4_rna","PMVK_rna","IGSF8_rna","LHX4-AS1_rna","MAP10_rna","SNORA14B_rna","FH_rna","ZNF692_rna","COBLL1_rna","MDH1B_rna","NCOA1_rna","LYPD6_rna","PLA2R1_rna","KRTCAP3_rna","C2orf16_rna","DYNC2LI1_rna","EPCAM_rna","C2orf81_rna","LBX2_rna","RNU4ATAC_rna","ITGB5_rna","TFDP2_rna","XXYLT1_rna","ACAA1_rna","SPCS1_rna","NIT2_rna","EAF2_rna","FAM162A_rna","ACAD9_rna","TM4SF18_rna","NDUFB5_rna","HTR3E_rna","PPP1R2_rna","N4BP2_rna","SLAIN2_rna","USP53_rna","ABCA11P_rna","DANCR_rna","ANXA3_rna","CCNA2_rna","SIL1_rna","RNF180_rna","HMGCS1_rna","SREK1_rna","PDE4DIP","RP11.92G12.3","SMAP1","PHF20L1","ELF2","LRG_221","WBP4","RP11.505P4.7","PGM1","PKP4","CCNDBP1","WDR47","SNX7","PTTG1","DUT","SLC25A40","ATP6V1H","ACOT13","PDK1","C5orf28","OXSM","C16orf52","MLH1","LSM3","SPAG1","RP4.791C19.1","RP11.474G23.3","NDST4","ANAPC4","UTP23","MEGF10","LONP2","TIRAP","AUTS2","AGFG1","WDR11","DNAJC13","CTD.2021J15.1","RP11.527D7.1","DCAF10","ZNF669","LINC01023","LCORL","CTC.548K16.1","CCDC88A","SLC35G6","AC025166.1","METTL21B","PCK2","GPR113","MFAP1","ZC3H8","RPL36AP43","WDR43","SIK1","SRSF12","AC090952.5","MIS12","CHMP5","UBE4B"
"AZIN2_rna",0.765696904005734,0.073417595811596,0.00314758382976536,-0.0951552510629195,0.014227493001152,0.79694549333612,-0.721188599169706,-0.0615753859207233,-0.763750703819526,-0.112657185294515,-0.107668674672192,0.735714868584701,-0.162870183962164,-0.617719460457138,-0.804330121858859,0.0582795293428549,-0.0849531333891546,0.637156302711297,0.732301983775481,-0.280228253603108,-0.0506145762125895,-0.730307773537178,0.279927388455481,-0.0485178010047885,-0.67947189399506,-0.0407733629500371,-0.724012944474171,-0.753428479341617,-0.692250552445722,-0.137529149837638,0.204195168198145,-0.071706340114873,0.702728618401596,0.707426180816225,-0.015642380416414,-0.668010059553557,-0.274474578378543,-0.671695547220863,0.449592571282013,0.764349552125862,0.0134142573597096,0.151039319287868,-0.786648424209002,0.115787457088365,0.744493898304585,-0.614249373171336,0.133853179028889,-0.188558863968562,0.266651665588879,-0.652855967511512,-0.719074820363129,-0.689000187695646,0.180306644421391,-0.764442173164103,-0.655105989226723,-0.132180770483909,0.695609109893708,-0.696433680500384,0.0918246159010062,-0.706101572574753,0.0871607515976676,0.64399642727396,0.740579642187433,0.588083661556958,0.553764574290429,0.651081850594457,0.0765384333874687,0.614732122749039,0.167010357591602,0.624039741113818,0.0494092553625023,0.554677848621261,-0.0148710901917998,0.140379598004953,0.141483063724315,0.654670158734351,0.58425054483301,0.650993497635493,0.130246615740033,0.610219652271408,0.722660226875371,-0.0867221195833818,0.621929105729902,0.658841710160661,-0.0159291944769035,0.0840543821679852,0.653798692509604,-0.172839546549619,0.654124835799906,0.554923158066135,0.60640916903924,-0.105143691466822,-0.0743219059925184,0.650080843606583,0.0337583381580996,0.0033863201644757,0.0484648393745125,0.609355286999901,-0.390698933355125,-0.153114015364585,0.64900524371275,0.563327538606658,0.721666341367319,-0.218697704286311,0.628276692785557,0.0229721940804837,0.0192424761243886,0.0513071424943108,-0.213811765289197,0.783059084465161,-0.183589286350323,-0.0888597232105812,0.123108048448696,0.0923030080009478,-0.11058066200929,0.03525845176633,0.531363234867063,0.565744329507524,0.653564017479099,0.672095611403547
"SMG5_rna",0.073417595811596,0.689225703300786,0.605937633612321,0.738980783442635,0.73089979039869,0.0901881725775482,0.121188919034381,0.638465628803766,0.0435081135471176,0.739367995866368,0.706003858397128,0.113635367204395,0.662934691811659,-0.12230476657193,0.00824696237513914,0.778174989823975,0.642785500878573,0.0546447580065477,-0.0509359182295117,0.683484871899353,-0.718061459531967,-0.246582210895414,-0.689655236086102,0.738474917192703,0.0742527470150754,-0.726549653375394,-0.345094559429874,-0.205267525336324,-0.225734256723215,0.718006227789985,-0.60390949789338,-0.767825772894966,0.0899973450352844,0.115258202660073,0.732423856201517,-0.241501219094601,0.640731926647664,0.180196311736722,-0.560981104145545,0.156052453993639,-0.731435738630536,-0.750077711778845,-0.0600464326164495,-0.750235005016204,-0.0254304516251219,0.0795066223936714,-0.717834058537002,0.698059438507906,-0.684934512941775,-0.0840274225046928,-0.163867182648428,-0.200173437266641,-0.627860731992205,0.017017499371351,0.0714676386932888,0.706209558000189,0.309299021658109,-0.310086041752133,-0.74167673254011,-0.0194613016532687,0.640588679102501,0.256263750973175,0.305649761172595,0.308901976267197,0.445114839440417,0.230366711914094,0.566906502084391,0.294943124483467,0.629233257450745,0.440219375231396,0.733457130056863,0.394080139534851,0.632356827940089,0.699023550824354,0.566848992848801,0.296141892323566,0.272314708155095,0.163744276324062,0.681271660678469,0.299376522794662,0.350507412521894,0.768593694676724,0.43529313073208,0.304498319382364,0.650553061045885,0.607190330002472,0.183133633801501,0.390559870581848,0.271575013523316,0.281490024770239,0.121858757695001,0.598925317303503,0.520821098789178,0.392343563713021,0.557013161198353,0.555881324875574,0.67522147287053,0.196852920240647,0.500529071436571,0.470518751195655,0.42116882670691,0.19111596978821,0.200909207891884,0.496025529863104,0.141266515527593,0.598592156276031,0.633748450114617,0.570285814434536,0.497657074053782,0.0757254188242551,0.557840914481594,0.492788738998389,0.668327404016995,0.577629076222173,0.522541881207822,0.575635478668498,0.232717054650218,0.316913240181879,0.304413740705583,0.324857857897766
"HP1BP3_rna",0.00314758382976536,0.605937633612321,0.537688391905933,0.663766164958267,0.647730516657895,0.0155047299594347,0.166015735070694,0.571809731412272,0.100499840884331,0.665527815318053,0.635503441568141,0.0412813290979124,0.601739260018676,-0.0585370964990844,0.0724829288608452,0.686132013202784,0.577538763446075,-0.00310520244876952,-0.104546384738429,0.629490993984174,-0.633384981610344,-0.159747818440739,-0.634944587344348,0.659538812917717,0.1209668193492,-0.641717955953722,-0.247715738274304,-0.12119610584455,-0.144322420057763,0.648578079484797,-0.552685347020369,-0.675856366413952,0.0229681296252778,0.0450138189822675,0.651503417120008,-0.160283920704945,0.59106937285313,0.214392122797121,-0.534454526356923,0.0766188673561679,-0.650445672000168,-0.67814521978236,0.0104205077936193,-0.675428995235965,-0.0828906764849159,0.120347252766774,-0.64812742762061,0.635003666955553,-0.629678082744439,-0.0217084564317309,-0.0872245322038709,-0.121893186403822,-0.572013648133421,0.0770378434261801,0.116520276383247,0.637671863122241,0.218238021517681,-0.218869926377898,-0.665889767251865,0.0399260873168291,0.561644951632431,0.175335322581399,0.211355048200941,0.226596514298657,0.350304786402718,0.151770262000063,0.497091441299945,0.212045152928564,0.545094884132208,0.340265439660126,0.647150700480141,0.304922869957495,0.562602753011429,0.609211224170256,0.49177901076811,0.209873893611961,0.194425356516914,0.0926309057940312,0.594272237411729,0.216346634930927,0.25263078542738,0.689372919205763,0.336062974585253,0.216954667755068,0.578842847675481,0.532245997670333,0.109617262075149,0.360736159570529,0.18810792309091,0.204946987288372,0.0590574190344349,0.540235977097075,0.468399116113942,0.295652255747175,0.491774018492118,0.493229724658299,0.595526367249414,0.125397566517159,0.476014850037124,0.430124563306307,0.321330079431106,0.124033234852791,0.119900003016097,0.458082289627298,0.0745158099790968,0.529561118823331,0.561074566342699,0.502135618444209,0.45913492717863,0.00378987206146082,0.510116921038236,0.444690114797433,0.583358816599956,0.505333661100162,0.472864243023385,0.508185135691727,0.163555657425697,0.235518589615749,0.217307142885703,0.233955854379506
"ZBTB40_rna",-0.0951552510629195,0.738980783442635,0.663766164958267,0.832217781204701,0.798261222735822,-0.0839332508647142,0.298355094187992,0.71428609872205,0.222932780005138,0.836657722949118,0.798925199651001,-0.0441727967079064,0.764358730818084,0.00759504808075227,0.193574184111616,0.839998070510551,0.724386741646565,-0.0862521429441851,-0.223863318796441,0.81381905951835,-0.77583438118488,-0.102860961063259,-0.820516629970899,0.820963417102391,0.237312871048148,-0.787400556147655,-0.212336545866788,-0.0522497337732945,-0.0887296379354877,0.818937960436257,-0.709110864511215,-0.825568433314829,-0.0625271749603922,-0.0359031266377939,0.806785336633491,-0.111581414750545,0.7656149600501,0.351709511781184,-0.718333729737305,-0.00422642553389832,-0.805190560525675,-0.85720797216959,0.114625167115685,-0.849292941987361,-0.198690388171142,0.228110993848171,-0.817905809370813,0.808771044255591,-0.812294020456561,0.0576321198934191,-0.014730406696567,-0.0614446252771623,-0.729895930548576,0.194041063553056,0.228668589138833,0.804774368575039,0.1795985903406,-0.180272484829865,-0.834410116857049,0.140652815162914,0.682491081429327,0.133279658157413,0.16527951769596,0.203831790009018,0.361080178983548,0.103254689334537,0.604126113740006,0.182410399395372,0.651719218436032,0.339589066134615,0.792994233488106,0.304904564229112,0.696872062795009,0.734362880370413,0.589163376424047,0.174562372288475,0.164588558598869,0.0302149187656658,0.717220377636914,0.18830744505462,0.218582775139795,0.862757395666956,0.334671031945554,0.182769223645192,0.717069316365605,0.646578177294677,0.0508342636565158,0.467952007559095,0.147746749193322,0.181378791880666,-0.00548933404571698,0.680920568981733,0.588198112479111,0.281112722459215,0.603091455459308,0.608818234810683,0.729348039451285,0.0760754765559529,0.638528881346413,0.5511117158291,0.31297008364423,0.0803439134597152,0.0547571858984504,0.59412945283404,0.0107768879903179,0.651162722815756,0.690571781652674,0.613620554404794,0.594797712488151,-0.0966076785192655,0.653863332625164,0.560792319232742,0.704663079190373,0.612268064088143,0.598403696085288,0.623169055889897,0.133298122608974,0.217742282817894,0.183887286550987,0.202055342289826
"NUP210L_rna",0.014227493001152,0.73089979039869,0.647730516657895,0.798261222735822,0.780435853520231,0.0295385388357445,0.190149543369111,0.687950197465431,0.110650441875162,0.800144727323321,0.764046017086482,0.0597539273732178,0.722622063252662,-0.0789316398674773,0.0763488127744967,0.827293854527017,0.694532639045649,0.00494359395223704,-0.115953446558518,0.754451672875441,-0.763651471151543,-0.202382360799125,-0.761025052160806,0.793804687452211,0.136453183089293,-0.773555059117365,-0.308260788563148,-0.156258936425683,-0.183282568242496,0.779388458403981,-0.662969563615987,-0.815099035550191,0.0372446673525905,0.0638644450428108,0.784573498285544,-0.202179057881362,0.708248251765864,0.249097236748089,-0.637664500581245,0.102711022448296,-0.783329729727336,-0.814820250252795,0.00183077543713296,-0.8120288072979,-0.0897012880752621,0.13659581006097,-0.778895714319474,0.762341515533338,-0.754862076513723,-0.0350475588412237,-0.114869306147243,-0.156220505946778,-0.686577596284889,0.0823792111906545,0.13142906763003,0.766323965077527,0.272365451984605,-0.273137869083642,-0.800864661905874,0.038470352474151,0.677733110209568,0.219982354519561,0.264687294615168,0.280968402236929,0.429516919093222,0.191692970575612,0.599828594997161,0.263803354514637,0.658885564239488,0.418381550446251,0.78021692570389,0.374863307537031,0.677496224800026,0.735755736951468,0.594314513739379,0.26173223439187,0.242163489736723,0.120453797940013,0.71762245552235,0.268923322950354,0.314162909599906,0.829221494443521,0.413290586723396,0.270318434976249,0.69704426451265,0.642277438613011,0.140953422407555,0.432179150026467,0.23550599235902,0.254437900439676,0.0794042565681146,0.649323337612093,0.563210316219867,0.364996414201787,0.592840277717363,0.594179837247252,0.718018516925284,0.15935629367965,0.568072035588403,0.516031742799709,0.395912696369775,0.157085519555609,0.154264780843883,0.548815139579129,0.0983231355193357,0.638210779532851,0.6761203518762,0.605560812763848,0.550149716007967,0.0152378152368624,0.611973419076625,0.534452832824338,0.704379094392929,0.609971853337519,0.56809472516574,0.612629194369438,0.204257706971454,0.291411266534306,0.270671087031576,0.290978333256892
"GPATCH3_rna",0.79694549333612,0.0901881725775482,0.0155047299594347,-0.0839332508647142,0.0295385388357445,0.829747482767486,-0.746777549002734,-0.0510775320823942,-0.792562730804334,-0.102107747795682,-0.0975989824243338,0.766609974406497,-0.155816060320664,-0.644202587375258,-0.835431633682153,0.0762576383048932,-0.0752768560083073,0.663028873011137,0.75974147516278,-0.277321441880774,-0.0670809311337386,-0.763677075732817,0.276884291853676,-0.0354930017097247,-0.7043868339899,-0.0570285337148624,-0.759126648878519,-0.786862385109522,-0.723719443213103,-0.128377926558284,0.199939344483427,-0.0899974451517533,0.731864109241562,0.737254342033703,-0.00146174148890273,-0.6988549687946,-0.27220734046068,-0.69416902600679,0.455743267437992,0.797214284753131,-0.000833047443538792,0.141765727634932,-0.818441512252552,0.105140286595237,0.772922339203194,-0.63652272867075,0.124562530124108,-0.181794157030631,0.263187798709326,-0.679932136203202,-0.750337305891746,-0.719826610672229,0.174638552193323,-0.793815965788188,-0.679129949351201,-0.12305982333911,0.728895860614163,-0.729768377202436,0.0804187032812077,-0.733943957767951,0.103483534270313,0.674205893159018,0.775540921384843,0.617182384065511,0.584279496180378,0.681043859778467,0.0909605243421489,0.644584944094723,0.186207980690853,0.657187736896879,0.0661396154510565,0.58419780696217,-0.00268097026683357,0.15995113052695,0.158428691505555,0.686099761086029,0.61246150483557,0.679606865743849,0.14906579524487,0.639986569955585,0.75783063847388,-0.0745743557119193,0.654895583130688,0.690602208733261,-0.00341279885859016,0.0995820433950753,0.682912611571301,-0.171672632195546,0.685037196986715,0.582179290296668,0.632443607057084,-0.0971379169744961,-0.0666949869258584,0.683274493358799,0.0463176077212471,0.0147420355124102,0.0639826208304567,0.637018498290038,-0.395780778282432,-0.149565789307943,0.682739104997057,0.589085600937665,0.753777505061401,-0.217183999492934,0.655553094136842,0.0359516983126333,0.0327868470092482,0.0648166098852238,-0.212075178147256,0.815029220406661,-0.179462610188054,-0.0823639714820193,0.14138835498368,0.107554445623286,-0.104328543250492,0.0482520500582362,0.556718684918906,0.594136378276077,0.685117639968408,0.704782439853843
"SNORA73B_rna",-0.721188599169706,0.121188919034381,0.166015735070694,0.298355094187992,0.190149543369111,-0.746777549002734,0.73237452283667,0.237783752151169,0.751927270807489,0.315415940522266,0.301274912179931,-0.680925966883313,0.342727604102545,0.564213802255327,0.781395180232636,0.16067004680352,0.261633321114585,-0.601918842875624,-0.723537713190368,0.462137320773792,-0.151322046153568,0.638594603487224,-0.463567508005488,0.253039756298344,0.678870875376411,-0.163222807823637,0.605011035526307,0.672517234651793,0.607548285400026,0.333547330209767,-0.366287207260666,-0.144776936270391,-0.655569983032232,-0.653072047612954,0.219507480370998,0.579669151120536,0.444635534198732,0.700898159281091,-0.592007651831593,-0.69682730918363,-0.217073567149923,-0.355581982019198,0.745213493210559,-0.321480038037508,-0.728230744583396,0.617160619119714,-0.329938655934779,0.377410564683691,-0.449391168713206,0.608927779293992,0.650792665477072,0.611531705779519,-0.34983089782076,0.745205815721748,0.65449237192216,0.325075330984882,-0.587485800076193,0.588064910733408,-0.295881163326108,0.678517593467203,0.0943065874380567,-0.552290008982964,-0.632063568245655,-0.483444756254735,-0.412197255450134,-0.566378740550082,0.0840373334321454,-0.513151821928137,0.0137939603819217,-0.481633429470712,0.156785144327996,-0.427321227669123,0.190840373489835,0.0590615857872414,0.0211143027052594,-0.551502325338626,-0.489940232658185,-0.584881694765665,0.063923633889294,-0.507543954351266,-0.602190502452768,0.298448944614927,-0.480963502477726,-0.553211440875933,0.196942267801797,0.0879969158360218,-0.582188990765918,0.276388022054888,-0.55782859402189,-0.458972962193957,-0.55338281490383,0.268952830415914,0.21730597867794,-0.520215469902587,0.122714825997461,0.151818121132819,0.141451415457586,-0.535312141132801,0.518094897152099,0.279590960259963,-0.51113098988186,-0.492329203350181,-0.642967665349999,0.35023367966218,-0.569149223017016,0.144763639594557,0.158185405218938,0.109419862152422,0.345956259848964,-0.737362126217662,0.333474097177018,0.22356627337841,0.0672266100656754,0.0717591133097742,0.252907232854465,0.126457649941758,-0.449760534010107,-0.459571075467917,-0.548122934987566,-0.560368920589506
"RAB42_rna",-0.0615753859207233,0.638465628803766,0.571809731412272,0.71428609872205,0.687950197465431,-0.0510775320823942,0.237783752151169,0.613601255575667,0.171686631695324,0.717644424720336,0.685276840483131,-0.0184605615704937,0.654033843932446,-0.0099037695128581,0.145318652134557,0.72507246761575,0.621678916452496,-0.0573289756165247,-0.173325403739326,0.693511377630469,-0.669601883501404,-0.108041006106607,-0.699288248576799,0.705833943251883,0.186316497473926,-0.679302246088906,-0.20216871946694,-0.0650632626654187,-0.0948559791696091,0.701719578011825,-0.605346645071602,-0.713001160922573,-0.0351480540327612,-0.0120907290690748,0.694497095486314,-0.113893686270466,0.652144615207079,0.28505751478081,-0.60675737333631,0.0167090469176032,-0.693182776574257,-0.734323246866794,0.0777877363153831,-0.728444260489246,-0.151318455675316,0.180127017412671,-0.700928414827208,0.691603869820486,-0.692559258074249,0.0322595340180001,-0.0318318981553137,-0.0712678706043711,-0.623885566834283,0.146782736682462,0.179519561189777,0.689662352250102,0.173214127412387,-0.173816529936371,-0.716263109255747,0.102350709831852,0.59017488107367,0.131943852856347,0.162077848377582,0.191224393319773,0.325754464891162,0.106270892037104,0.522393485057209,0.173482837653496,0.565795807575512,0.30911433686187,0.684350198747594,0.277392679606911,0.599845330439339,0.636270802871439,0.511234568380382,0.167786324341054,0.157320721422987,0.0433567296515285,0.621235569678699,0.178442041154464,0.20751281020203,0.740815495926489,0.30482206335292,0.174966243812075,0.617213789212433,0.559159089480365,0.0611916043613467,0.398462539511919,0.144674534907334,0.171001971352489,0.0114163815747471,0.58370238448842,0.504657735426668,0.259439832965468,0.520363353792934,0.524487437167967,0.629504274257599,0.0817495537261335,0.539586492002531,0.470616176468823,0.286851100604497,0.0842007082902071,0.0663774130204788,0.50592287069347,0.0260092532306594,0.56148172273027,0.595326881058885,0.52989965465313,0.506628546298362,-0.0623641779261795,0.558308531275829,0.480665086193794,0.610229460527492,0.529826146151568,0.512482852031581,0.537696858878743,0.128961102438841,0.202611262357446,0.175788763047961,0.191930940140795
"RNU11_rna",-0.763750703819526,0.0435081135471176,0.100499840884331,0.222932780005138,0.110650441875162,-0.792562730804334,0.751927270807489,0.171686631695324,0.781786427601665,0.240743663074534,0.229976542642149,-0.726470662789439,0.278573282165571,0.605355543764808,0.816894468073304,0.0740775345837555,0.196127780140256,-0.636640221285374,-0.751172713072813,0.401075323629172,-0.0715618451453646,0.698238064341934,-0.401826190089566,0.175562074595085,0.701600157317595,-0.0829920617157738,0.674998024848579,0.728749343905708,0.663220736205855,0.262304977506792,-0.310370605559071,-0.0586935339712012,-0.697072071530419,-0.697512007818209,0.141195305738575,0.635945996062511,0.387925768974864,0.711845572569502,-0.551824642447823,-0.748243780065506,-0.138767195246158,-0.2814907153564,0.787280884278917,-0.245776956970851,-0.759169061720862,0.636372310641416,-0.25854857211308,0.310628891027308,-0.387558548342395,0.647529474289668,0.701003959826416,0.664299395828151,-0.290249490921553,0.777954279045961,0.676419785912865,0.25486373093439,-0.652325845060968,0.653027170609348,-0.220017305504127,0.712562275658977,0.0212513808389989,-0.609073145405313,-0.698544432020163,-0.54337736070533,-0.485272970061695,-0.620688447838758,0.0194121296963826,-0.572784045863778,-0.0616486403459476,-0.557360329867535,0.0754184632674395,-0.494932220521454,0.123289351595639,-0.0227057474966196,-0.0464428838057976,-0.613070735610479,-0.545752088628446,-0.631999633217983,-0.015470050214968,-0.567450338873701,-0.672700275639705,0.219450221241421,-0.556063431303725,-0.615870137554109,0.127475958040337,0.0186855320502362,-0.631525722214418,0.242070745034568,-0.616721857894303,-0.514447913499086,-0.593964743686888,0.209092733234111,0.164477980126896,-0.591955273822603,0.0610924288356525,0.091691908945352,0.06641039869696,-0.58411833827188,0.481769514164482,0.235754656121631,-0.585932036561519,-0.538434090765557,-0.697292599533071,0.306612595505461,-0.612814336815856,0.0791433418700571,0.0889408975727194,0.0455715700888372,0.301938104579075,-0.780958707342907,0.281595510550649,0.17442034589522,-0.0104475831504978,0.00526385908738569,0.20153397989752,0.0627582580451116,-0.498907575184195,-0.519357337278862,-0.610533736313682,-0.625823795625733
"TSSK3_rna",-0.112657185294515,0.739367995866368,0.665527815318053,0.836657722949118,0.800144727323321,-0.102107747795682,0.315415940522266,0.717644424720336,0.240743663074534,0.841503968532537,0.803554960323875,-0.0608589507867041,0.770135891494494,0.0215236192171681,0.212217636927692,0.841004995028598,0.728299290067158,-0.100835478961823,-0.240968720813193,0.822375019871468,-0.776836735545954,-0.086702473417796,-0.829084307075701,0.824322272253066,0.253265964934413,-0.78865641157167,-0.196622021398834,-0.0354309697931528,-0.0733889734483016,0.824295263701338,-0.715665906195108,-0.826233223671546,-0.0785213348629926,-0.051929546186943,0.809364877712521,-0.0968496000624994,0.773908298463955,0.367803350295334,-0.730439216942373,-0.0214469898627317,-0.807715533843734,-0.86297510454467,0.132652565199937,-0.854244546999932,-0.216000787141672,0.242570235304732,-0.823177500692471,0.815249183872028,-0.820540101334351,0.0724899111850865,0.0014184869998428,-0.0461018128218384,-0.735970518808597,0.211787750811974,0.244049233503675,0.809972153468489,0.16443317958338,-0.16509036981229,-0.838781123812213,0.156938603397042,0.682412918519801,0.11914840097162,0.14906208904694,0.191154156336103,0.349609349241049,0.0888810153491879,0.604070757376374,0.16907365087498,0.64975833246369,0.326476698555927,0.794071099645827,0.293258083775641,0.699130791670696,0.733229732301496,0.587604519674494,0.160304774845348,0.151888883203073,0.0156415868114474,0.716268041125115,0.175088572726148,0.202915950843479,0.867091783589547,0.321592606483271,0.168440363452238,0.719407628155878,0.646470804681031,0.0362546999342459,0.473135307201734,0.13342739718604,0.169385760185301,-0.019157446968169,0.685167695544055,0.591495317174085,0.267252613568749,0.603996412173589,0.610422810674026,0.73027045506886,0.0625662164586414,0.649088087622222,0.556080492508967,0.299222142635427,0.0678827262185078,0.0386604509552939,0.600693571794961,-0.0033386522499459,0.652443237926403,0.692045069227951,0.614159478346211,0.60125367222939,-0.114504522225042,0.659801917962102,0.56434117309208,0.703836795451569,0.611880255463803,0.602545421513349,0.624095668359047,0.121702788759264,0.205606010414592,0.16968033734398,0.187481322886493
"SLFNL1_rna",-0.107668674672192,0.706003858397128,0.635503441568141,0.798925199651001,0.764046017086482,-0.0975989824243338,0.301274912179931,0.685276840483131,0.229976542642149,0.803554960323875,0.767317336442087,-0.0582035435767989,0.735412665884115,0.0206282941880511,0.202742383482458,0.803057557177165,0.695453896169088,-0.0963645352358296,-0.230187594851691,0.785309504403279,-0.741785062415861,-0.0827015974114139,-0.791716078356744,0.787140525614426,0.241923601090379,-0.753072722386622,-0.187663110686875,-0.0337402752809848,-0.0699933720371601,0.787125639448703,-0.683405049974536,-0.788950540654949,-0.0750650828383249,-0.0496735062513118,0.772853877468968,-0.0923985877567304,0.739028559688149,0.351292903298944,-0.697541952988273,-0.0205730840986046,-0.771278667582513,-0.824062169786281,0.126764568622238,-0.815721155925731,-0.206347534283699,0.231702398622056,-0.786057851827118,0.778493907024516,-0.783555701493072,0.0692996456332658,0.00144258185947676,-0.0439376165651447,-0.702790733268249,0.202327004540077,0.233119679666446,0.773448033193016,0.156929885120182,-0.157557326484424,-0.800952399424418,0.149945122574875,0.651616514633929,0.113694363479262,0.142246722407058,0.182458569107532,0.333769569425474,0.0847915639033468,0.576809908394631,0.161370918091761,0.620425294852158,0.311671894363811,0.758242079476253,0.279960369417947,0.667592692540389,0.700134307721425,0.561078557102575,0.152992740350634,0.144965141678942,0.0148562000320297,0.683939051427363,0.167115041266283,0.193673267500187,0.827985253993833,0.307008397124668,0.16076079674177,0.686954908749706,0.617296239628374,0.0345390491582736,0.451811904411351,0.127327949917797,0.16167627383677,-0.0183674816628814,0.654270572689413,0.564820265117095,0.255116398303791,0.576744157719927,0.582884362389286,0.697319792121646,0.0596690173250354,0.619853606547868,0.531012763215671,0.285643816238062,0.0647513215547905,0.0368279555874579,0.573621244566107,-0.00326499977332552,0.623006720814675,0.660822449699176,0.586446587262235,0.574155478632151,-0.10943479948176,0.630058732281132,0.538892908128047,0.672069491613673,0.584265165050658,0.575376307291816,0.595936491434725,0.116147312687515,0.196261192584308,0.161945478152792,0.178941136850727
"FAAH_rna",0.735714868584701,0.113635367204395,0.0412813290979124,-0.0441727967079064,0.0597539273732178,0.766609974406497,-0.680925966883313,-0.0184605615704937,-0.726470662789439,-0.0608589507867041,-0.0582035435767989,0.709628909365592,-0.113629815811061,-0.597516097013825,-0.767442737940654,0.104800519373811,-0.0405084443720681,0.611800166463569,0.695974641978092,-0.224383616993657,-0.0936848539552328,-0.712864314861451,0.223706583463809,0.000324064561313647,-0.64406029135137,-0.0848247795259934,-0.713076954784249,-0.732329877755701,-0.675210857090883,-0.0859557580233128,0.156814882120137,-0.116966516847423,0.676640903172137,0.682721758938827,0.0313308428417633,-0.653062329833442,-0.221590715962492,-0.629943262814086,0.393828767475936,0.73964833953163,-0.0333958073322423,0.0968291862914788,-0.754874467128041,0.0631612419589129,0.709226456836505,-0.581454818954329,0.0824568657095761,-0.135938254255872,0.211329300253304,-0.628646050598163,-0.69691427204277,-0.670492818291152,0.132493478825591,-0.728804235910639,-0.62097198068774,-0.0815943723978556,0.6836962082101,-0.684533211971486,0.0408224520718506,-0.675405712026763,0.123684830496032,0.631066957886945,0.726402955695027,0.581007261961571,0.556844191407903,0.636196153413137,0.108888403777739,0.605569100566765,0.199206867673251,0.623632746233388,0.0935065481973218,0.554492397683414,0.02574619512824,0.178188708292782,0.170893038835283,0.643777129391841,0.575036297182922,0.631903368332646,0.167392514873254,0.601540704163628,0.712127318839914,-0.0342503574814553,0.621306357134253,0.648287932516598,0.0258853565984679,0.118609192985556,0.635806524024723,-0.140353888304898,0.641704614033983,0.54761448828305,0.586689007821437,-0.0625566940318664,-0.0380621755929987,0.645472209721519,0.0674175931398289,0.0383472988006931,0.0889261841834203,0.59423917672009,-0.341416559508442,-0.11646934633982,0.64626608450259,0.549930102279387,0.701728504010121,-0.177476558607751,0.608793783481665,0.0597456014411513,0.0584052801928259,0.0850113688372055,-0.172708467252548,0.75243782846522,-0.140050735342538,-0.0537134466647408,0.159759039073204,0.124617536512093,-0.0725728538573785,0.0700262220030973,0.522038881256496,0.560184023362228,0.643243519164141,0.662228658545693
"DIO1_rna",-0.162870183962164,0.662934691811659,0.601739260018676,0.764358730818084,0.722622063252662,-0.155816060320664,0.342727604102545,0.654033843932446,0.278573282165571,0.770135891494494,0.735412665884115,-0.113629815811061,0.709579518068546,0.0686544799662789,0.256001758847745,0.756073772129445,0.665532935341541,-0.141942090258425,-0.276272759071968,0.766175977566162,-0.69864197487039,-0.0202744598432161,-0.772220772934007,0.749487452916085,0.283189405989878,-0.710116830166301,-0.120201214142205,0.0279431331723956,-0.0112622939219921,0.75655052389691,-0.663600270441709,-0.74164315590748,-0.126979452427589,-0.103300423341722,0.733340345432154,-0.0344132766111234,0.721878238674289,0.386172719798631,-0.696502865510145,-0.0802605419582319,-0.731671050789312,-0.792613344001497,0.182624863560903,-0.781909374058929,-0.254659291040524,0.268321474518276,-0.755246775669846,0.752431298315463,-0.763435207065317,0.117552754322643,0.0585391734784226,0.0131609526301824,-0.6800642857208,0.252436848416861,0.272912468156501,0.743168977723353,0.0933470870549548,-0.0938758791645377,-0.766014209843527,0.198178796014643,0.610322820276641,0.0564952893708409,0.075862709609383,0.126078693037057,0.272138817875428,0.0285533559380752,0.54030578279898,0.103984337627949,0.574427766934184,0.245619002633532,0.714326947803145,0.221094687640083,0.633568892081827,0.652050619528131,0.520240380512572,0.0928725723322659,0.0908672856333403,-0.0376868704483408,0.637515096305952,0.109784319047275,0.126001971962147,0.791215766697697,0.241369253440573,0.0998992979369136,0.651994150536492,0.5780594431746,-0.0192650536778847,0.44172738222337,0.0686045986588352,0.109028920118829,-0.0656136277001003,0.628126780380531,0.54094312737655,0.189975525391253,0.543644887137551,0.551876119982572,0.65669254857632,0.00807329515447713,0.618228939566146,0.515183152713351,0.218978568335562,0.0165471829936739,-0.0224929201463273,0.56075910290825,-0.0530462478531431,0.588325338583181,0.624443361316741,0.551440367445685,0.560876689186821,-0.165923613896206,0.611428879327129,0.51753895818121,0.626839067663743,0.546114458867423,0.553825370625881,0.561705821575048,0.0677741927873412,0.140929591218694,0.101441126182849,0.116067079504492
"SLC25A24_rna",-0.617719460457138,-0.12230476657193,-0.0585370964990844,0.00759504808075227,-0.0789316398674773,-0.644202587375258,0.564213802255327,-0.0099037695128581,0.605355543764808,0.0215236192171681,0.0206282941880511,-0.597516097013825,0.0686544799662789,0.504171975871696,0.640993175480422,-0.118450823582879,0.00834935358661649,-0.513424240867217,-0.579576581182014,0.160391572898582,0.106776972877975,0.60549432907798,-0.159581000600524,-0.0295690809757642,0.535268818779818,0.0997097335225771,0.609580405065056,0.62012178030997,0.573201759123569,0.0433434972772959,-0.107084232736638,0.128206852723024,-0.569011560030135,-0.575095281300487,-0.0552401017152184,0.555318683752659,0.159753841742035,0.519268590220946,-0.306850141241811,-0.624284958085424,0.0569265050979412,-0.0511575696357339,0.63319986190225,-0.0230164113495857,-0.591662482969388,0.482743555253904,-0.0404264473703478,0.0859031852955624,-0.149425103638395,0.52866738273875,0.588883895368453,0.568244987307417,-0.085809593349441,0.608356604279725,0.516085362604019,0.0401668878892598,-0.583607969142964,0.5843386430542,-0.00468834356111905,0.565180912673752,-0.128773063568573,-0.537523744180587,-0.619151462550198,-0.497779283352587,-0.482991310793433,-0.540782562331178,-0.113485029018053,-0.517750798893451,-0.191433211910951,-0.538609539273555,-0.107238778324299,-0.479001261357897,-0.0466031791216597,-0.17663806160687,-0.165297473450105,-0.549727238751592,-0.491338029154681,-0.53455207792436,-0.166911837365634,-0.514560324288851,-0.60900158299996,-0.00187159014615672,-0.536470027527695,-0.553828264706176,-0.0474413884818229,-0.123206514841958,-0.538583038659991,0.101792895302877,-0.547020655812466,-0.468786771838832,-0.49510652729689,0.0285142800657022,0.0111439262103489,-0.55496045541398,-0.0784370677278012,-0.0540993125982217,-0.101100713287814,-0.504391213649061,0.265449787956774,0.0786612741204959,-0.55676747820401,-0.467136332653763,-0.594376557526908,0.128630538313066,-0.514348564041896,-0.073675505627549,-0.0739502459657083,-0.0936660428352584,0.124581310337041,-0.631785711597577,0.0949028502355992,0.0253352070010475,-0.160019304477556,-0.127054626704154,0.0399148117959568,-0.0813558140125956,-0.445479267705699,-0.480695997476554,-0.54960950014075,-0.56628570156687
"HIPK1_rna",-0.804330121858859,0.00824696237513914,0.0724829288608452,0.193574184111616,0.0763488127744967,-0.835431633682153,0.781395180232636,0.145318652134557,0.816894468073304,0.212217636927692,0.202742383482458,-0.767442737940654,0.256001758847745,0.640993175480422,0.855595642388298,0.0354615809581183,0.170697018606744,-0.670110902644416,-0.784411171247114,0.383260940588237,-0.0360826270266828,0.745060968830649,-0.383713445203851,0.143960742630959,0.731199510243176,-0.0476006750876759,0.72604515921725,0.774795774774068,0.707235843515587,0.235969737233552,-0.29252122832146,-0.0199011124978158,-0.735354434444087,-0.737184231559991,0.108274895856978,0.679508359930217,0.371797818810762,0.736195288306136,-0.547872575399262,-0.792557688923366,-0.105783964862694,-0.254337096943666,0.828263413291641,-0.216903304704166,-0.794172761063401,0.662561063786869,-0.232042642700847,0.287690309291514,-0.369017850898254,0.683114122261115,0.743477440996464,0.706981164349214,-0.270138034439055,0.814314084424349,0.704963332742856,0.228811094771472,-0.700346853341789,0.701124433771971,-0.190372909353626,0.7477649294898,-0.012440947788766,-0.652147599795538,-0.748582636307603,-0.586155715471026,-0.532647579580417,-0.662916292779783,-0.0103758195735123,-0.616215287068098,-0.0986984858352822,-0.607924318411365,0.0392898404067971,-0.540004378441542,0.0949330384608377,-0.0616709696274009,-0.0793836873787642,-0.658497592356077,-0.586661740040971,-0.671159559573905,-0.0531266170032667,-0.610866199662955,-0.723930594291417,0.188320133733827,-0.606298336459643,-0.661883949083925,0.0983343036976125,-0.0133200461840738,-0.671713563622746,0.232508736042435,-0.660992513395595,-0.554354545744787,-0.629032326662321,0.186659886903776,0.144139193840482,-0.641582970902493,0.0338380027642804,0.0659652314367641,0.0330056232775289,-0.622777664549852,0.477735831404791,0.221557331623896,-0.636832999608864,-0.574593229594689,-0.741595369952169,0.29442889359242,-0.649836872365423,0.0505009821047543,0.0588630970767201,0.0168541494745245,0.289441980593187,-0.822487835761706,0.264863403501222,0.156076981301845,-0.0471620643321417,-0.0257831282982768,0.182877786831079,0.0345745998446715,-0.535426669138665,-0.561418676320305,-0.65628722847604,-0.67341781266491
"BNIPL_rna",0.0582795293428549,0.778174989823975,0.686132013202784,0.839998070510551,0.827293854527017,0.0762576383048932,0.16067004680352,0.72507246761575,0.0740775345837555,0.841004995028598,0.803057557177165,0.104800519373811,0.756073772129445,-0.118450823582879,0.0354615809581183,0.879403135196636,0.730724018587817,0.041193523270027,-0.0814683025208471,0.783158555465835,-0.811572513648044,-0.255540587469646,-0.790136822345711,0.83791055139194,0.106159258631432,-0.821505138735918,-0.367311859587608,-0.208000155699654,-0.233165902186208,0.817620197221045,-0.690568866506632,-0.867246423798715,0.0791013496838807,0.107557122217061,0.829989950377484,-0.251809488173028,0.734553290133807,0.225889522672574,-0.649921390468371,0.1519086087918,-0.828798529683346,-0.854380436919989,-0.0424560389836782,-0.853413719836026,-0.0529788960527799,0.10999116414313,-0.817305830371864,0.796687395963035,-0.784359378591607,-0.073960000311732,-0.162229277370996,-0.204323418197521,-0.716918215378276,0.0440989391788583,0.102213760787246,0.804086580413078,0.327695285091125,-0.328559819060976,-0.842943109654704,0.000891409329068338,0.722646439569322,0.269308172653177,0.322101956341742,0.330737666200948,0.486115512499369,0.239749245109784,0.639545149316212,0.314063592706157,0.707193010432868,0.478289033837793,0.829047505681938,0.428288224071012,0.716637362916626,0.787096525645885,0.637370850164471,0.314124172424351,0.289426475283238,0.164301121499074,0.76732130400829,0.319231037355128,0.373485935265123,0.873261296707909,0.472778527615601,0.323452485070351,0.737279256603084,0.684923149202782,0.186168781840908,0.44792862169325,0.286319492340928,0.300770119226541,0.118313029027731,0.681707363610568,0.592252083303633,0.423223176070383,0.629730123971413,0.629434675280869,0.763125347021521,0.203149459744673,0.579545824751133,0.537842741204762,0.455903187353102,0.198147086380809,0.204095810726384,0.5688595066667,0.139582451897804,0.677169308183552,0.717105511224047,0.644191697538978,0.570548579225591,0.0603293150369287,0.63772624049507,0.560977115679054,0.752893557691397,0.651176662178015,0.595378451950509,0.650771483382269,0.246299078413494,0.340536054518019,0.323528098899069,0.346079554670641
"S100A4_rna",-0.0849531333891546,0.642785500878573,0.577538763446075,0.724386741646565,0.694532639045649,-0.0752768560083073,0.261633321114585,0.621678916452496,0.196127780140256,0.728299290067158,0.695453896169088,-0.0405084443720681,0.665532935341541,0.00834935358661649,0.170697018606744,0.730724018587817,0.630533440135878,-0.0768442246907955,-0.196848820169693,0.708899454008598,-0.674916340040992,-0.0874419062088459,-0.714726209526891,0.714462806831856,0.208402485654631,-0.685007885038561,-0.182715126699502,-0.0433395609915523,-0.075253394366834,0.712951293230834,-0.617577837690991,-0.718130849970601,-0.0563857572821735,-0.033233223172092,0.702033709695063,-0.0952052011948323,0.666940511259171,0.307917896513096,-0.626294293551787,-0.00583152220845074,-0.700639804460307,-0.746288375239688,0.101953090315307,-0.739302105190937,-0.17498003431028,0.200212058015212,-0.712042851719272,0.70424879881027,-0.707534245381844,0.051985984829907,-0.0107905441981544,-0.0515216720415708,-0.635595748319475,0.17099084203824,0.200812367177767,0.700612379065544,0.154309647389664,-0.154893683956571,-0.726284922050173,0.124372934897828,0.593594680918454,0.114152671111724,0.141723785685189,0.175698152534547,0.312617805339273,0.088007765375483,0.525438704049554,0.156984148751949,0.566594834257476,0.29372018756098,0.689850645693931,0.263736431920776,0.606395219241681,0.638578719360458,0.512236494432721,0.150042972041917,0.141563141814948,0.0244555935010418,0.623691463141748,0.162127926863408,0.188153827170139,0.750935710013818,0.289446919399213,0.157172055232557,0.623971974332497,0.562355363402237,0.0423887257375065,0.407655444928045,0.126712045582953,0.156255092565528,-0.00648528240552653,0.592770116685963,0.512004790065502,0.242766118736844,0.524659002842845,0.529727508059282,0.634474303731427,0.0644765333716213,0.556689557384613,0.479957704931571,0.270488465222798,0.0683202452772916,0.0456108244402594,0.517572569153673,0.00760644565726682,0.566516549867439,0.600817161681075,0.53377099049077,0.518140257117759,-0.0862658306494487,0.569448498301731,0.488199785840811,0.612785386777826,0.532478645114135,0.520986924460377,0.542124437355707,0.114486158485521,0.187864727095354,0.158159763194627,0.17391569148281
